 
7.16800 8.848800
7.14000 8.850100  
7.10600 8.850000  
7.07700 8.851200  
7.05200 8.853700  
7.02600 8.856100  
7.00200 8.858700  
6.98200 8.861300  
6.97000 8.864300  
6.96200 8.867300  
6.93800 8.869900  
6.91300 8.872400  
6.88800 8.874900  
6.85800 8.876000  
6.82600 8.876400  
6.79800 8.876400  
6.76500 8.876400  
6.73300 8.876100  
6.73300 8.873300  
6.72900 8.870100  
6.72500 8.866900  
6.72600 8.863600  
6.72200 8.860400  
6.71300 8.857300  
6.71400 8.854000  
6.71300 8.850700  
6.73600 8.848400  
6.76100 8.846000  
6.79200 8.845200  
6.81800 8.843200  
6.84600 8.841600  
6.87000 8.839600  
6.89300 8.837100  
6.91700 8.834500  
6.94900 8.833900  
6.97700 8.832300  
7.00100 8.829700  
7.02600 8.827200  
7.05200 8.829000  
7.07300 8.831800  
7.09400 8.834700  
7.11500 8.837600  
7.13300 8.840800  
7.14900 8.844300  
7.16400 8.847800  
7.16800 8.848800

